-2.727776429012721593e+01
-2.684943870462129567e+01
-9.779092750398813649e+00
-1.014305364746839011e+01
-8.261957655554407864e+00
-8.239055794431219937e+00
-8.414128991621538489e+00
-8.441899973055667417e+00
-8.475666516653356908e+00
-8.219588500295902378e+00
-8.283625452568362135e+00
-8.349344954536679353e+00
-8.313479482432507339e+00
-8.225785424335510854e+00
-8.242059758231077282e+00
-8.220417124883860893e+00
-8.176666225350436079e+00
-8.150841788349801220e+00
-8.137592181133694424e+00
-8.116189134767983759e+00
-8.076435274359742067e+00
-8.079117575382209537e+00
-8.088060697988760595e+00
-8.082601465529565488e+00
-8.084385453308048142e+00
-8.089502552052007189e+00
-8.071742790374026200e+00
-8.083570464361416796e+00
-8.088978687114984467e+00
-8.100749482382777700e+00
-8.095697014843315387e+00
-8.085579978330414974e+00
-8.085225251352525788e+00
-8.088703744717985700e+00
-8.077889255309651517e+00
-8.080682025231183729e+00
-8.092807703359753191e+00
-8.102937449265434466e+00
-8.114700657535209416e+00
-8.103440237856245787e+00
-8.100487678585039930e+00
-8.105086813380424360e+00
-8.098112537434383640e+00
-8.091396952456445746e+00
-8.094292083566232421e+00
-8.106352437269643829e+00
-8.108162910912458443e+00
-8.097922128399709152e+00
-8.087883003058639275e+00
-8.089873319223388037e+00
-8.105252337689583086e+00
-8.112177151603733094e+00
-8.119204066744790893e+00
-8.127491845853910490e+00
-8.121622765533780708e+00
-8.116657313266042451e+00
-8.101323766120097858e+00
-8.096506071364355961e+00
-8.086423324985428707e+00
-8.082168760140282515e+00
-8.087690240493394356e+00
-8.078558568353622960e+00
-8.076816240857194629e+00
-8.080760029051193172e+00
-8.074478243089947327e+00
-8.069992583676034670e+00
-8.074251046139886867e+00
-8.074601882805565012e+00
-8.070036383831569182e+00
-8.070392137346487971e+00
-8.062768927480497894e+00
-8.062297401258327056e+00
-8.065004188067447899e+00
-8.059985321247543411e+00
-8.059677142233086400e+00
-8.065456313100508368e+00
-8.062055039364789621e+00
-8.060046328970720708e+00
-8.058462354745369538e+00
-8.056380534976783636e+00
-8.056612635822462565e+00
-8.055344707025403395e+00
-8.056604099572457045e+00
-8.059629259785086930e+00
-8.064175192617273780e+00
-8.062111824825262119e+00
-8.066435272121001532e+00
-8.063403488168042088e+00
-8.063079721294004187e+00
-8.066878310924344930e+00
-8.063706664687316561e+00
-8.065980970926773352e+00
-8.067985406523620284e+00
-8.065676065459340904e+00
-8.066469549667750982e+00
-8.063965460967612131e+00
-8.060838755102412989e+00
-8.063325220886756739e+00
-8.061061421568179952e+00
-8.063478679617634981e+00
-8.060494992571342721e+00
-8.058260273526364870e+00
-8.057239836167987335e+00
-8.059781273105127042e+00
-8.058185526217004124e+00
-8.058188093894333548e+00
-8.060249034083163622e+00
-8.064320466824796085e+00
-8.069308418056175825e+00
-8.070206081156783284e+00
-8.074099543671824364e+00
-8.070700978987771279e+00
-8.068367717754505009e+00
-8.067518571193028620e+00
-8.065364071247037359e+00
-8.064368625139943347e+00
-8.061808097370848358e+00
-8.062103084988095247e+00
-8.061570338221097032e+00
-8.060348719593203981e+00
-8.060807708475099531e+00
-8.058898623568861552e+00
-8.057787549667953186e+00
-8.057412607416734929e+00
-8.057815787105550243e+00
-8.058143799296624721e+00
-8.059354917265475038e+00
-8.058803160074273109e+00
